0.00833333 0.00175747
0.01 0.00878735
0.0142857 0.0105448
0.0153846 0.026362
0.03 0.0281195
0.03125 0.029877
0.0416667 0.0316344
0.0454545 0.0386643
0.047619 0.0421793
0.0526316 0.0456942
0.0555556 0.0527241
0.0625 0.0738137
0.0666667 0.0826011
0.06875 0.0843585
0.0714286 0.11775
0.0769231 0.151142
0.0833333 0.258348
0.0909091 0.398946
0.0916667 0.400703
0.0923077 0.40246
0.1 0.495606
0.111111 0.499121
0.117647 0.500879
0.125 0.504394
0.13125 0.506151
0.133333 0.513181
0.142857 0.539543
0.147619 0.541301
0.153846 0.560633
0.166667 0.58348
0.181818 0.611599
0.1875 0.616872
0.190476 0.618629
0.2 0.688928
0.214286 0.695958
0.230769 0.71529
0.238095 0.717047
0.25 0.72935
0.272727 0.734622
0.28125 0.73638
0.285714 0.739895
0.3 0.748682
0.333333 0.759227
0.363636 0.760984
0.380952 0.762742
0.4 0.766257
0.416667 0.768014
0.4375 0.785589
0.5 0.789104
0.6 0.790861
0.645455 0.792619
0.736364 0.801406
0.745455 0.803163
0.8 0.804921
0.8 0.806678
0.827273 0.810193
0.841667 0.811951
0.85 0.815466
0.857143 0.822496
0.864286 0.824253
0.871429 0.829525
0.878571 0.831283
0.9 0.845343
0.909091 0.8471
0.916667 0.86819
0.920833 0.869947
0.925 0.878735
0.928571 0.889279
0.9375 0.891037
0.958333 0.896309
1 0.950791
1.125 0.954306
1.14286 0.956063
1.21429 0.957821
1.28571 0.959578
1.5 0.961336
1.50833 0.964851
5 0.968366
10 0.97188
14 0.97891
15 0.98594
16 0.989455
18 0.99297
19 0.996485
20 1
